372
6
-1
1
0
0
0
1
24
0
2
25
0
3
26
0
4
27
0
5
13
-1
3
1
1
0
9
2
0
10
4
0
11
6
0
12
9
0
13
12
0
14
13
0
15
14
0
16
15
0
17
16
0
18
17
0
19
18
0
20
1
-1
1
3
11
-1
3
3
35
0
21
36
0
22
37
0
23
38
0
24
39
0
25
40
0
26
41
0
27
44
0
28
56
0
29
57
0
30
1
-1
1
36
1
-1
1
37
2
-1
3
6
59
2
-1
1
-1
1
150
6
-1
1
1
0
0
1
24
0
2
25
0
3
26
0
4
27
0
5
1
-1
1
2
3
-1
3
10
28
0
44
29
0
45
6
-1
3
11
20
0
47
26
0
48
27
0
49
29
0
50
30
0
51
2
-1
3
12
1
0
54
2
-1
3
13
30
0
55
2
-1
3
14
28
0
56
2
-1
3
15
28
0
59
6
-1
3
16
20
0
47
26
0
48
27
0
49
29
0
50
30
0
51
2
-1
3
17
28
0
63
2
-1
3
18
28
0
64
6
-1
3
19
20
0
47
26
0
48
27
0
49
29
0
50
30
0
51
6
-1
3
20
20
0
47
26
0
48
27
0
49
29
0
50
30
0
51
3
-1
1
138
42
0
67
44
0
68
4
-1
1
128
37
0
23
38
0
69
42
0
70
1
-1
1
145
1
-1
1
144
2
-1
1
142
42
0
75
2
-1
1
140
42
0
76
1
-1
1
118
11
-1
3
28
35
0
21
36
0
22
37
0
23
38
0
24
39
0
25
40
0
26
41
0
27
44
0
28
56
0
29
57
0
30
1
-1
1
117
1
-1
1
119
2
-1
3
31
58
0
78
2
-1
1
94
31
0
79
2
-1
1
96
32
0
80
3
-1
1
98
46
0
81
47
0
82
5
-1
1
101
51
0
83
52
0
84
53
0
85
54
0
86
3
-1
1
106
49
0
87
50
0
88
4
-1
1
109
33
0
89
34
0
90
48
0
91
1
-1
1
113
1
-1
1
114
3
-1
1
120
37
0
23
38
0
69
4
-1
3
41
35
0
94
39
0
25
40
0
26
1
-1
1
115
1
-1
1
151
2
-1
3
44
10
0
96
11
-1
3
45
35
0
21
36
0
22
37
0
23
38
0
24
39
0
25
40
0
26
41
0
27
44
0
28
56
0
29
57
0
30
2
-1
3
46
29
0
98
6
-1
3
47
20
0
47
26
0
48
27
0
49
29
0
50
30
0
51
1
-1
1
91
1
-1
1
92
11
-1
3
50
35
0
21
36
0
22
37
0
23
38
0
24
39
0
25
40
0
26
41
0
27
44
0
28
56
0
29
57
0
30
1
-1
1
89
3
-1
3
52
1
0
101
23
0
102
1
-1
1
88
3
-1
3
54
0
0
103
24
0
104
2
-1
3
55
1
0
108
2
-1
3
56
19
0
109
1
-1
1
64
3
-1
3
58
1
0
110
22
0
111
2
-1
1
66
19
0
112
1
-1
1
69
3
-1
3
61
1
0
114
22
0
115
3
-1
3
62
1
0
116
23
0
102
2
-1
3
63
20
0
117
2
-1
3
64
20
0
118
3
-1
3
65
1
0
119
23
0
102
3
-1
3
66
1
0
120
23
0
102
11
-1
3
67
35
0
21
36
0
22
37
0
23
38
0
24
39
0
25
40
0
26
41
0
27
44
0
28
56
0
29
57
0
30
12
-1
3
68
35
0
21
36
0
22
37
0
23
38
0
24
39
0
25
40
0
26
41
0
27
44
0
28
45
0
122
56
0
29
57
0
30
2
-1
1
144
41
0
125
11
-1
3
70
35
0
21
36
0
22
37
0
23
38
0
24
39
0
25
40
0
26
41
0
27
44
0
28
56
0
29
57
0
30
1
-1
1
130
1
-1
1
154
4
-1
3
73
35
0
94
39
0
25
40
0
26
3
-1
1
129
37
0
23
38
0
69
11
-1
3
75
35
0
21
36
0
22
37
0
23
38
0
24
39
0
25
40
0
26
41
0
27
44
0
28
56
0
29
57
0
30
11
-1
3
76
35
0
21
36
0
22
37
0
23
38
0
24
39
0
25
40
0
26
41
0
27
44
0
28
56
0
29
57
0
30
2
-1
3
77
45
0
132
1
-1
1
35
11
-1
3
79
35
0
21
36
0
22
37
0
23
38
0
24
39
0
25
40
0
26
41
0
27
44
0
28
56
0
29
57
0
30
11
-1
3
80
35
0
21
36
0
22
37
0
23
38
0
24
39
0
25
40
0
26
41
0
27
44
0
28
56
0
29
57
0
30
11
-1
3
81
35
0
21
36
0
22
37
0
23
38
0
24
39
0
25
40
0
26
41
0
27
44
0
28
56
0
29
57
0
30
11
-1
3
82
35
0
21
36
0
22
37
0
23
38
0
24
39
0
25
40
0
26
41
0
27
44
0
28
56
0
29
57
0
30
11
-1
3
83
35
0
21
36
0
22
37
0
23
38
0
24
39
0
25
40
0
26
41
0
27
44
0
28
56
0
29
57
0
30
11
-1
3
84
35
0
21
36
0
22
37
0
23
38
0
24
39
0
25
40
0
26
41
0
27
44
0
28
56
0
29
57
0
30
11
-1
3
85
35
0
21
36
0
22
37
0
23
38
0
24
39
0
25
40
0
26
41
0
27
44
0
28
56
0
29
57
0
30
11
-1
3
86
35
0
21
36
0
22
37
0
23
38
0
24
39
0
25
40
0
26
41
0
27
44
0
28
56
0
29
57
0
30
11
-1
3
87
35
0
21
36
0
22
37
0
23
38
0
24
39
0
25
40
0
26
41
0
27
44
0
28
56
0
29
57
0
30
11
-1
3
88
35
0
21
36
0
22
37
0
23
38
0
24
39
0
25
40
0
26
41
0
27
44
0
28
56
0
29
57
0
30
11
-1
3
89
35
0
21
36
0
22
37
0
23
38
0
24
39
0
25
40
0
26
41
0
27
44
0
28
56
0
29
57
0
30
11
-1
3
90
35
0
21
36
0
22
37
0
23
38
0
24
39
0
25
40
0
26
41
0
27
44
0
28
56
0
29
57
0
30
11
-1
3
91
35
0
21
36
0
22
37
0
23
38
0
24
39
0
25
40
0
26
41
0
27
44
0
28
56
0
29
57
0
30
1
-1
1
124
3
-1
1
122
37
0
23
38
0
69
2
-1
1
138
42
0
67
3
-1
1
121
37
0
23
38
0
69
1
-1
1
62
2
-1
3
97
58
0
149
11
-1
3
98
35
0
21
36
0
22
37
0
23
38
0
24
39
0
25
40
0
26
41
0
27
44
0
28
56
0
29
57
0
30
3
-1
3
99
21
0
151
23
0
102
2
-1
3
100
58
0
152
6
-1
3
101
0
0
153
24
0
2
25
0
3
26
0
4
27
0
5
6
-1
3
102
20
0
47
26
0
48
27
0
49
29
0
50
30
0
51
4
-1
3
103
7
0
156
8
0
157
11
0
158
2
-1
3
104
0
0
159
1
-1
1
152
3
-1
3
106
0
0
160
24
0
161
3
-1
3
107
0
0
162
24
0
163
1
-1
1
12
6
-1
3
109
20
0
47
26
0
48
27
0
49
29
0
50
30
0
51
1
-1
1
29
2
-1
3
111
28
0
56
6
-1
3
112
20
0
47
26
0
48
27
0
49
29
0
50
30
0
51
1
-1
1
67
1
-1
1
30
2
-1
3
115
28
0
59
6
-1
3
116
0
0
170
24
0
2
25
0
3
26
0
4
27
0
5
3
-1
3
117
21
0
172
28
0
59
3
-1
3
118
21
0
174
28
0
56
1
-1
1
60
1
-1
1
61
2
-1
3
121
43
0
176
1
-1
1
146
1
-1
1
148
3
-1
3
124
45
0
177
55
0
178
1
-1
1
136
2
-1
3
126
43
0
179
1
-1
1
137
1
-1
1
131
1
-1
1
155
2
-1
3
130
43
0
180
2
-1
3
131
43
0
181
1
-1
1
116
2
-1
1
95
32
0
80
3
-1
1
97
46
0
81
47
0
82
5
-1
1
99
51
0
83
52
0
84
53
0
85
54
0
86
5
-1
1
100
51
0
83
52
0
84
53
0
85
54
0
86
3
-1
1
102
49
0
87
50
0
88
3
-1
1
103
49
0
87
50
0
88
3
-1
1
104
49
0
87
50
0
88
3
-1
1
105
49
0
87
50
0
88
4
-1
1
107
33
0
89
34
0
90
48
0
91
4
-1
1
108
33
0
89
34
0
90
48
0
91
1
-1
1
112
1
-1
1
111
1
-1
1
110
1
-1
1
126
1
-1
1
125
3
-1
1
123
37
0
23
38
0
69
2
-1
3
149
1
0
183
2
-1
3
150
58
0
184
1
-1
1
93
1
-1
1
90
15
-1
3
153
1
0
9
2
0
10
4
0
11
5
0
185
6
0
12
8
0
186
9
0
13
12
0
14
13
0
15
14
0
16
15
0
17
16
0
18
17
0
19
18
0
20
6
-1
3
154
0
0
187
24
0
2
25
0
3
26
0
4
27
0
5
1
-1
1
87
6
-1
3
156
20
0
47
26
0
48
27
0
49
29
0
50
30
0
51
3
-1
3
157
1
0
189
6
0
190
2
-1
3
158
1
0
191
4
-1
3
159
7
0
192
8
0
193
11
0
194
2
-1
3
160
8
0
195
2
-1
3
161
0
0
196
4
-1
3
162
7
0
156
8
0
197
11
0
158
2
-1
3
163
0
0
198
1
-1
1
153
3
-1
3
165
0
0
199
24
0
200
2
-1
1
63
23
0
102
1
-1
1
65
2
-1
1
68
23
0
102
1
-1
1
70
14
-1
3
170
1
0
9
2
0
10
4
0
11
6
0
12
8
0
201
9
0
13
12
0
14
13
0
15
14
0
16
15
0
17
16
0
18
17
0
19
18
0
20
6
-1
3
171
0
0
202
24
0
2
25
0
3
26
0
4
27
0
5
2
-1
3
172
1
0
203
3
-1
3
173
21
0
204
22
0
115
2
-1
3
174
1
0
205
3
-1
3
175
21
0
206
22
0
111
1
-1
1
139
1
-1
1
147
11
-1
3
178
35
0
21
36
0
22
37
0
23
38
0
24
39
0
25
40
0
26
41
0
27
44
0
28
56
0
29
57
0
30
3
-1
1
132
37
0
23
38
0
69
1
-1
1
143
1
-1
1
141
1
-1
1
127
6
-1
3
183
0
0
210
24
0
2
25
0
3
26
0
4
27
0
5
2
-1
3
184
1
0
212
2
-1
3
185
1
0
213
3
-1
3
186
1
0
214
4
0
215
15
-1
3
187
1
0
9
2
0
10
4
0
11
5
0
216
6
0
12
8
0
217
9
0
13
12
0
14
13
0
15
14
0
16
15
0
17
16
0
18
17
0
19
18
0
20
3
-1
3
188
1
0
218
23
0
102
1
-1
1
13
2
-1
3
190
1
0
219
6
-1
3
191
0
0
220
24
0
2
25
0
3
26
0
4
27
0
5
6
-1
3
192
20
0
47
26
0
48
27
0
49
29
0
50
30
0
51
3
-1
3
193
1
0
223
6
0
224
2
-1
3
194
1
0
225
3
-1
3
195
1
0
226
6
0
227
2
-1
3
196
8
0
228
3
-1
3
197
1
0
229
6
0
230
4
-1
3
198
7
0
192
8
0
231
11
0
194
2
-1
3
199
8
0
232
2
-1
3
200
0
0
233
3
-1
3
201
1
0
234
14
0
235
14
-1
3
202
1
0
9
2
0
10
4
0
11
6
0
12
8
0
236
9
0
13
12
0
14
13
0
15
14
0
16
15
0
17
16
0
18
17
0
19
18
0
20
6
-1
3
203
0
0
237
24
0
2
25
0
3
26
0
4
27
0
5
2
-1
3
204
1
0
239
1
-1
1
46
2
-1
3
206
1
0
240
1
-1
1
149
1
-1
1
134
3
-1
1
133
37
0
23
38
0
69
14
-1
3
210
1
0
9
2
0
10
4
0
11
6
0
12
8
0
242
9
0
13
12
0
14
13
0
15
14
0
16
15
0
17
16
0
18
17
0
19
18
0
20
6
-1
3
211
0
0
243
24
0
2
25
0
3
26
0
4
27
0
5
6
-1
3
212
0
0
244
24
0
2
25
0
3
26
0
4
27
0
5
6
-1
3
213
0
0
246
24
0
2
25
0
3
26
0
4
27
0
5
1
-1
1
48
2
-1
3
215
1
0
248
2
-1
3
216
1
0
249
3
-1
3
217
1
0
250
4
0
251
6
-1
3
218
0
0
252
24
0
2
25
0
3
26
0
4
27
0
5
1
-1
1
21
14
-1
3
220
1
0
9
2
0
10
4
0
11
6
0
12
8
0
254
9
0
13
12
0
14
13
0
15
14
0
16
15
0
17
16
0
18
17
0
19
18
0
20
6
-1
3
221
0
0
255
24
0
2
25
0
3
26
0
4
27
0
5
3
-1
3
222
1
0
256
23
0
102
1
-1
1
17
2
-1
3
224
1
0
257
6
-1
3
225
0
0
258
24
0
2
25
0
3
26
0
4
27
0
5
1
-1
1
15
2
-1
3
227
1
0
260
3
-1
3
228
1
0
261
6
0
262
1
-1
1
14
2
-1
3
230
1
0
263
3
-1
3
231
1
0
264
6
0
265
3
-1
3
232
1
0
266
6
0
267
2
-1
3
233
8
0
268
1
-1
1
31
2
-1
3
235
1
0
269
3
-1
3
236
1
0
270
14
0
271
14
-1
3
237
1
0
9
2
0
10
4
0
11
6
0
12
8
0
272
9
0
13
12
0
14
13
0
15
14
0
16
15
0
17
16
0
18
17
0
19
18
0
20
6
-1
3
238
0
0
273
24
0
2
25
0
3
26
0
4
27
0
5
6
-1
3
239
0
0
274
24
0
2
25
0
3
26
0
4
27
0
5
1
-1
1
47
1
-1
1
135
3
-1
3
242
1
0
276
2
0
277
14
-1
3
243
1
0
9
2
0
10
4
0
11
6
0
12
8
0
278
9
0
13
12
0
14
13
0
15
14
0
16
15
0
17
16
0
18
17
0
19
18
0
20
14
-1
3
244
1
0
9
2
0
10
4
0
11
6
0
12
8
0
279
9
0
13
12
0
14
13
0
15
14
0
16
15
0
17
16
0
18
17
0
19
18
0
20
6
-1
3
245
0
0
280
24
0
2
25
0
3
26
0
4
27
0
5
14
-1
3
246
1
0
9
2
0
10
4
0
11
6
0
12
8
0
281
9
0
13
12
0
14
13
0
15
14
0
16
15
0
17
16
0
18
17
0
19
18
0
20
6
-1
3
247
0
0
282
24
0
2
25
0
3
26
0
4
27
0
5
1
-1
1
50
6
-1
3
249
0
0
283
24
0
2
25
0
3
26
0
4
27
0
5
1
-1
1
49
2
-1
3
251
1
0
285
14
-1
3
252
1
0
9
2
0
10
4
0
11
6
0
12
8
0
286
9
0
13
12
0
14
13
0
15
14
0
16
15
0
17
16
0
18
17
0
19
18
0
20
6
-1
3
253
0
0
287
24
0
2
25
0
3
26
0
4
27
0
5
3
-1
3
254
1
0
288
11
0
289
14
-1
3
255
1
0
9
2
0
10
4
0
11
6
0
12
8
0
290
9
0
13
12
0
14
13
0
15
14
0
16
15
0
17
16
0
18
17
0
19
18
0
20
6
-1
3
256
0
0
291
24
0
2
25
0
3
26
0
4
27
0
5
1
-1
1
25
14
-1
3
258
1
0
9
2
0
10
4
0
11
6
0
12
8
0
293
9
0
13
12
0
14
13
0
15
14
0
16
15
0
17
16
0
18
17
0
19
18
0
20
6
-1
3
259
0
0
294
24
0
2
25
0
3
26
0
4
27
0
5
1
-1
1
23
1
-1
1
19
2
-1
3
262
1
0
295
1
-1
1
22
1
-1
1
18
2
-1
3
265
1
0
296
1
-1
1
16
2
-1
3
267
1
0
297
3
-1
3
268
1
0
298
6
0
299
1
-1
1
33
1
-1
1
32
2
-1
3
271
1
0
300
3
-1
3
272
1
0
301
15
0
302
14
-1
3
273
1
0
9
2
0
10
4
0
11
6
0
12
8
0
303
9
0
13
12
0
14
13
0
15
14
0
16
15
0
17
16
0
18
17
0
19
18
0
20
14
-1
3
274
1
0
9
2
0
10
4
0
11
6
0
12
8
0
304
9
0
13
12
0
14
13
0
15
14
0
16
15
0
17
16
0
18
17
0
19
18
0
20
6
-1
3
275
0
0
305
24
0
2
25
0
3
26
0
4
27
0
5
1
-1
1
4
2
-1
3
277
1
0
306
3
-1
3
278
1
0
307
2
0
308
3
-1
3
279
1
0
309
2
0
310
14
-1
3
280
1
0
9
2
0
10
4
0
11
6
0
12
8
0
311
9
0
13
12
0
14
13
0
15
14
0
16
15
0
17
16
0
18
17
0
19
18
0
20
3
-1
3
281
1
0
312
4
0
313
14
-1
3
282
1
0
9
2
0
10
4
0
11
6
0
12
8
0
314
9
0
13
12
0
14
13
0
15
14
0
16
15
0
17
16
0
18
17
0
19
18
0
20
14
-1
3
283
1
0
9
2
0
10
4
0
11
6
0
12
8
0
315
9
0
13
12
0
14
13
0
15
14
0
16
15
0
17
16
0
18
17
0
19
18
0
20
6
-1
3
284
0
0
316
24
0
2
25
0
3
26
0
4
27
0
5
1
-1
1
51
3
-1
3
286
1
0
317
7
0
318
14
-1
3
287
1
0
9
2
0
10
4
0
11
6
0
12
8
0
319
9
0
13
12
0
14
13
0
15
14
0
16
15
0
17
16
0
18
17
0
19
18
0
20
1
-1
1
79
2
-1
3
289
1
0
320
3
-1
3
290
1
0
321
11
0
322
14
-1
3
291
1
0
9
2
0
10
4
0
11
6
0
12
8
0
323
9
0
13
12
0
14
13
0
15
14
0
16
15
0
17
16
0
18
17
0
19
18
0
20
6
-1
3
292
0
0
324
24
0
2
25
0
3
26
0
4
27
0
5
3
-1
3
293
1
0
325
11
0
326
14
-1
3
294
1
0
9
2
0
10
4
0
11
6
0
12
8
0
327
9
0
13
12
0
14
13
0
15
14
0
16
15
0
17
16
0
18
17
0
19
18
0
20
1
-1
1
27
1
-1
1
26
1
-1
1
24
1
-1
1
20
2
-1
3
299
1
0
328
1
-1
1
34
1
-1
1
38
2
-1
3
302
1
0
329
3
-1
3
303
1
0
330
15
0
331
3
-1
3
304
1
0
332
15
0
333
14
-1
3
305
1
0
9
2
0
10
4
0
11
6
0
12
8
0
334
9
0
13
12
0
14
13
0
15
14
0
16
15
0
17
16
0
18
17
0
19
18
0
20
1
-1
1
8
1
-1
1
6
2
-1
3
308
1
0
335
1
-1
1
5
2
-1
3
310
1
0
336
3
-1
3
311
1
0
337
2
0
338
1
-1
1
52
2
-1
3
313
1
0
339
3
-1
3
314
1
0
340
4
0
341
3
-1
3
315
1
0
342
4
0
343
14
-1
3
316
1
0
9
2
0
10
4
0
11
6
0
12
8
0
344
9
0
13
12
0
14
13
0
15
14
0
16
15
0
17
16
0
18
17
0
19
18
0
20
1
-1
1
71
2
-1
3
318
1
0
345
3
-1
3
319
1
0
346
7
0
347
1
-1
1
83
1
-1
1
81
2
-1
3
322
1
0
348
3
-1
3
323
1
0
349
7
0
350
14
-1
3
324
1
0
9
2
0
10
4
0
11
6
0
12
8
0
351
9
0
13
12
0
14
13
0
15
14
0
16
15
0
17
16
0
18
17
0
19
18
0
20
1
-1
1
80
2
-1
3
326
1
0
352
3
-1
3
327
1
0
353
11
0
354
1
-1
1
28
1
-1
1
42
1
-1
1
40
2
-1
3
331
1
0
355
1
-1
1
39
2
-1
3
333
1
0
356
3
-1
3
334
1
0
357
15
0
358
1
-1
1
10
1
-1
1
9
1
-1
1
7
2
-1
3
338
1
0
359
1
-1
1
56
1
-1
1
54
2
-1
3
341
1
0
360
1
-1
1
53
2
-1
3
343
1
0
361
3
-1
3
344
1
0
362
4
0
363
1
-1
1
75
1
-1
1
73
2
-1
3
347
1
0
364
1
-1
1
85
1
-1
1
72
2
-1
3
350
1
0
365
3
-1
3
351
1
0
366
7
0
367
1
-1
1
84
1
-1
1
82
2
-1
3
354
1
0
368
1
-1
1
44
1
-1
1
43
1
-1
1
41
2
-1
3
358
1
0
369
1
-1
1
11
1
-1
1
58
1
-1
1
57
1
-1
1
55
2
-1
3
363
1
0
370
1
-1
1
77
1
-1
1
76
1
-1
1
74
2
-1
3
367
1
0
371
1
-1
1
86
1
-1
1
45
1
-1
1
59
1
-1
1
78
30
1
-1
6
14
-1
7
8
43
154
43
171
43
211
43
221
43
238
43
245
43
247
43
253
43
259
43
275
43
284
43
292
43
1
-1
46
2
-1
57
111
167
2
-1
58
118
175
2
-1
60
115
169
1
-1
113
2
-1
61
117
173
2
-1
105
107
164
2
-1
106
107
165
9
-1
52
16
62
19
65
20
66
47
99
109
166
112
168
156
188
192
222
2
-1
53
102
155
11
-1
31
28
77
45
97
50
100
67
121
68
123
70
126
75
130
76
131
98
150
178
207
1
-1
32
2
-1
33
79
133
2
-1
34
80
134
3
-1
35
81
135
82
136
5
-1
36
83
137
84
138
85
139
86
140
3
-1
37
87
141
88
142
4
-1
38
89
143
90
144
91
145
1
-1
39
8
-1
71
40
92
74
128
93
146
95
147
148
182
179
208
209
241
5
-1
72
74
129
93
129
148
129
209
129
3
-1
40
41
95
73
127
9
-1
41
22
73
40
73
74
73
93
73
95
73
148
73
179
73
209
73
1
-1
42
1
-1
124
13
-1
8
101
154
116
171
183
211
191
221
203
238
212
245
213
247
218
253
225
259
239
275
249
284
256
292
1
-1
107
4
-1
74
40
93
95
148
179
209
50
expecting: '[-', data, '${', iattrib, ivar, EOF
expecting: '-]', foreach, if, choose, include, set, param, output, template, call, sep, print
expecting: xname, xvar, '//', '/', '.', '..', xattrib, '(', xliteral, xnumber
expecting: EOF
expecting: identifier, '{'
expecting: '(', iattrib, ivar, '{', literal
expecting: '-]'
expecting: literal
expecting: identifier
expecting: 'or', 'and', 'mod', 'div', '//', '/', '[', ']', '(', ')', '=', '!=', '*', '+', '-', '<', '<=', '>', '>=', ',', '}'
expecting: 'or', 'and', 'mod', 'div', '//', '/', '[', ']', ')', '=', '!=', '*', '+', '-', '<', '<=', '>', '>=', ',', '}'
expecting: xname, '.', '..'
expecting: 'or', 'and', 'mod', 'div', ']', ')', '=', '!=', '*', '+', '-', '<', '<=', '>', '>=', ',', '}'
expecting: '}'
expecting: 'or', ']', ')', ',', '}'
expecting: 'or', 'and', ']', ')', ',', '}'
expecting: 'or', 'and', ']', ')', '=', '!=', ',', '}'
expecting: 'or', 'and', ']', ')', '=', '!=', '<', '<=', '>', '>=', ',', '}'
expecting: 'or', 'and', ']', ')', '=', '!=', '+', '-', '<', '<=', '>', '>=', ',', '}'
expecting: 'or', 'and', 'mod', 'div', '//', '/', ']', ')', '=', '!=', '*', '+', '-', '<', '<=', '>', '>=', ',', '}'
expecting: in
expecting: '{'
expecting: '-]', ')', ',', '+'
expecting: '-]', '+'
expecting: '[-', data
expecting: '='
expecting: '-]', ')', ','
expecting: '-]', ','
expecting: '-]', '=', ')', ','
expecting: '('
expecting: xname, xvar, '//', '/', '.', '..', xattrib, '(', ')', xliteral, xnumber
expecting: xname, '.', '..', xattrib
expecting: ')'
expecting: ')', '+'
expecting: '[-', data, '${', iattrib, ivar
expecting: when, end, otherwise
expecting: '[-'
expecting: ')', identifier
expecting: ']'
expecting: ')', ','
expecting: '-]', foreach, if, else, choose, end, include, set, param, output, template, call, sep, print
expecting: '-]', choose
expecting: end
expecting: '-]', foreach, if, choose, end, include, set, param, output, template, call, sep, print
expecting: '-]', if
expecting: '-]', output
expecting: '-]', foreach
expecting: '-]', otherwise
expecting: '-]', template
expecting: '-]', when
372
0
1
0
2
0
0
3
0
0
0
4
5
6
7
8
8
5
8
8
5
5
9
10
11
11
10
10
12
2
12
12
13
14
15
16
17
18
12
12
12
19
11
12
0
20
2
21
5
22
22
2
22
23
22
24
6
25
26
27
28
26
27
23
29
29
23
23
2
30
31
2
12
19
11
19
2
2
32
0
2
2
2
2
2
2
2
2
2
2
2
2
2
12
19
10
19
21
13
2
33
13
34
5
35
36
24
24
24
0
5
0
8
5
26
0
8
34
37
37
0
0
38
12
39
39
12
38
19
12
19
38
38
12
15
16
17
17
18
18
18
18
12
12
12
12
12
12
12
19
6
13
22
22
40
34
22
5
41
6
35
42
36
35
36
24
24
22
26
22
26
43
34
6
39
6
39
19
12
2
19
19
19
12
34
6
6
44
40
23
0
6
34
5
41
6
41
42
41
35
42
36
45
43
34
6
0
6
39
12
19
43
34
34
34
0
6
6
44
34
0
43
34
23
0
6
34
0
6
41
0
6
41
41
42
0
6
45
43
34
34
0
12
46
43
43
34
43
34
0
34
0
6
43
34
47
43
34
0
43
34
0
0
6
0
0
6
0
6
41
0
0
6
48
43
43
34
0
6
46
46
43
44
43
43
34
0
49
43
24
6
47
43
34
47
43
0
0
0
0
6
0
0
6
48
48
43
0
0
6
0
6
46
0
6
44
44
43
24
6
49
24
24
6
49
43
24
6
47
0
0
0
6
0
6
48
0
0
0
6
0
0
6
0
6
44
24
24
6
24
24
6
49
24
24
6
0
0
0
6
0
0
0
0
6
24
24
24
6
24
0
0
24
