357
8
-1
1
0
1
0
1
2
0
2
3
0
3
4
0
4
5
0
5
6
0
6
7
0
7
2
-1
3
1
0
0
16
2
-1
3
2
33
0
18
2
-1
3
3
33
0
20
3
-1
3
4
22
0
23
33
0
24
2
-1
3
5
4
0
28
2
-1
3
6
33
0
29
2
-1
3
7
8
0
32
2
-1
3
8
38
2
-1
7
-1
1
1
2
0
2
3
0
3
4
0
4
5
0
5
6
0
6
7
0
7
6
-1
1
2
2
0
2
4
0
4
5
0
5
6
0
6
7
0
7
5
-1
1
4
4
0
4
5
0
5
6
0
6
7
0
7
4
-1
1
8
5
0
5
6
0
6
7
0
7
3
-1
1
16
6
0
6
7
0
7
2
-1
1
32
7
0
7
1
-1
1
64
3
-1
3
16
14
0
54
16
0
55
1
-1
1
128
2
-1
1
135
29
0
58
2
-1
3
19
16
0
61
2
-1
3
20
17
0
62
1
-1
1
241
2
-1
1
132
33
0
20
2
-1
3
23
33
0
64
2
-1
3
24
17
0
65
1
-1
1
245
2
-1
3
26
33
0
66
3
-1
1
138
22
0
23
33
0
24
3
-1
3
28
16
0
68
33
0
18
3
-1
3
29
17
0
70
22
0
71
1
-1
1
253
2
-1
1
175
33
0
29
2
-1
3
32
9
0
74
6
-1
1
3
2
0
2
4
0
4
5
0
5
6
0
6
7
0
7
5
-1
1
5
4
0
4
5
0
5
6
0
6
7
0
7
4
-1
1
9
5
0
5
6
0
6
7
0
7
3
-1
1
17
6
0
6
7
0
7
2
-1
1
33
7
0
7
1
-1
1
65
5
-1
1
6
4
0
4
5
0
5
6
0
6
7
0
7
4
-1
1
10
5
0
5
6
0
6
7
0
7
3
-1
1
18
6
0
6
7
0
7
2
-1
1
34
7
0
7
1
-1
1
66
4
-1
1
12
5
0
5
6
0
6
7
0
7
3
-1
1
20
6
0
6
7
0
7
2
-1
1
36
7
0
7
1
-1
1
68
3
-1
1
24
6
0
6
7
0
7
2
-1
1
40
7
0
7
1
-1
1
72
2
-1
1
48
7
0
7
1
-1
1
80
1
-1
1
96
2
-1
3
54
0
0
110
1
-1
1
129
1
-1
1
239
3
-1
3
57
14
0
54
16
0
111
2
-1
3
58
33
0
113
1
-1
1
243
2
-1
1
136
29
0
58
1
-1
1
134
8
-1
1
156
18
0
115
20
0
116
33
0
117
34
0
118
35
0
119
36
0
120
37
0
121
1
-1
1
242
4
-1
3
64
23
0
129
29
0
130
31
0
131
8
-1
1
156
18
0
115
20
0
116
33
0
117
34
0
118
35
0
119
36
0
120
37
0
121
2
-1
3
66
17
0
136
1
-1
1
246
1
-1
1
150
2
-1
3
69
16
0
137
6
-1
1
183
12
0
138
13
0
139
18
0
140
22
0
141
33
0
142
2
-1
3
71
31
0
151
2
-1
3
72
17
0
152
1
-1
1
254
2
-1
3
74
33
0
153
5
-1
1
7
4
0
4
5
0
5
6
0
6
7
0
7
4
-1
1
11
5
0
5
6
0
6
7
0
7
3
-1
1
19
6
0
6
7
0
7
2
-1
1
35
7
0
7
1
-1
1
67
4
-1
1
13
5
0
5
6
0
6
7
0
7
3
-1
1
21
6
0
6
7
0
7
2
-1
1
37
7
0
7
1
-1
1
69
3
-1
1
25
6
0
6
7
0
7
2
-1
1
41
7
0
7
1
-1
1
73
2
-1
1
49
7
0
7
1
-1
1
81
1
-1
1
97
4
-1
1
14
5
0
5
6
0
6
7
0
7
3
-1
1
22
6
0
6
7
0
7
2
-1
1
38
7
0
7
1
-1
1
70
3
-1
1
26
6
0
6
7
0
7
2
-1
1
42
7
0
7
1
-1
1
74
2
-1
1
50
7
0
7
1
-1
1
82
1
-1
1
98
3
-1
1
28
6
0
6
7
0
7
2
-1
1
44
7
0
7
1
-1
1
76
2
-1
1
52
7
0
7
1
-1
1
84
1
-1
1
100
2
-1
1
56
7
0
7
1
-1
1
88
1
-1
1
104
1
-1
1
112
1
-1
1
131
1
-1
1
130
1
-1
1
240
1
-1
1
137
1
-1
1
244
8
-1
3
115
18
0
115
20
0
116
33
0
117
34
0
118
35
0
119
36
0
120
37
0
121
8
-1
1
156
18
0
115
20
0
116
33
0
117
34
0
118
35
0
119
36
0
120
37
0
121
1
-1
1
163
1
-1
1
165
1
-1
1
166
1
-1
1
167
1
-1
1
162
2
-1
3
122
16
0
194
2
-1
1
153
28
0
195
1
-1
1
251
4
-1
1
158
24
0
198
26
0
199
27
0
200
1
-1
1
160
1
-1
1
161
8
-1
1
157
18
0
115
20
0
116
33
0
117
34
0
118
35
0
119
36
0
120
37
0
121
1
-1
1
143
2
-1
3
130
33
0
203
2
-1
3
131
33
0
204
1
-1
1
247
3
-1
3
133
23
0
205
29
0
130
3
-1
3
134
23
0
207
29
0
130
3
-1
3
135
16
0
209
30
0
210
8
-1
1
156
18
0
115
20
0
116
33
0
117
34
0
118
35
0
119
36
0
120
37
0
121
1
-1
1
151
2
-1
3
138
14
0
213
2
-1
3
139
14
0
214
2
-1
3
140
33
0
215
3
-1
3
141
31
0
216
33
0
217
4
-1
1
219
24
0
198
26
0
199
27
0
200
2
-1
3
143
16
0
219
2
-1
1
180
28
0
220
1
-1
1
187
6
-1
1
184
12
0
138
13
0
139
18
0
140
22
0
223
33
0
142
1
-1
1
255
4
-1
3
148
12
0
138
13
0
139
33
0
226
2
-1
3
149
33
0
228
6
-1
1
185
12
0
138
13
0
139
18
0
140
22
0
223
33
0
142
6
-1
3
151
12
0
138
13
0
139
18
0
140
23
0
231
33
0
142
6
-1
1
183
12
0
138
13
0
139
18
0
140
22
0
141
33
0
142
2
-1
3
153
17
0
234
1
-1
1
265
2
-1
1
230
33
0
153
4
-1
1
15
5
0
5
6
0
6
7
0
7
3
-1
1
23
6
0
6
7
0
7
2
-1
1
39
7
0
7
1
-1
1
71
3
-1
1
27
6
0
6
7
0
7
2
-1
1
43
7
0
7
1
-1
1
75
2
-1
1
51
7
0
7
1
-1
1
83
1
-1
1
99
3
-1
1
29
6
0
6
7
0
7
2
-1
1
45
7
0
7
1
-1
1
77
2
-1
1
53
7
0
7
1
-1
1
85
1
-1
1
101
2
-1
1
57
7
0
7
1
-1
1
89
1
-1
1
105
1
-1
1
113
3
-1
1
30
6
0
6
7
0
7
2
-1
1
46
7
0
7
1
-1
1
78
2
-1
1
54
7
0
7
1
-1
1
86
1
-1
1
102
2
-1
1
58
7
0
7
1
-1
1
90
1
-1
1
106
1
-1
1
114
2
-1
1
60
7
0
7
1
-1
1
92
1
-1
1
108
1
-1
1
116
1
-1
1
120
3
-1
3
191
24
0
257
25
0
258
2
-1
1
160
15
0
260
2
-1
3
193
21
0
261
1
-1
1
133
8
-1
1
156
18
0
115
20
0
116
33
0
117
34
0
118
35
0
119
36
0
120
37
0
121
1
-1
1
249
2
-1
1
154
28
0
195
1
-1
1
172
1
-1
1
171
1
-1
1
170
1
-1
1
159
1
-1
1
252
2
-1
1
147
31
0
131
1
-1
1
149
1
-1
1
144
3
-1
3
206
23
0
265
29
0
130
1
-1
1
145
1
-1
1
248
1
-1
1
139
8
-1
1
156
18
0
115
20
0
116
33
0
117
34
0
118
35
0
119
36
0
120
37
0
121
2
-1
3
211
16
0
267
3
-1
3
212
16
0
268
30
0
210
1
-1
1
228
1
-1
1
229
2
-1
3
215
19
0
270
8
-1
3
216
10
0
271
11
0
272
12
0
138
13
0
139
18
0
273
23
0
274
33
0
275
2
-1
3
217
23
0
279
1
-1
1
223
1
-1
1
176
6
-1
1
183
12
0
138
13
0
139
18
0
140
22
0
141
33
0
142
1
-1
1
257
2
-1
1
181
28
0
220
2
-1
3
223
31
0
216
1
-1
1
188
6
-1
1
186
12
0
138
13
0
139
18
0
140
22
0
223
33
0
142
4
-1
1
220
24
0
198
26
0
199
27
0
200
2
-1
3
227
33
0
284
4
-1
1
221
24
0
198
26
0
199
27
0
200
1
-1
1
189
1
-1
1
256
1
-1
1
178
6
-1
3
232
12
0
138
13
0
139
18
0
140
23
0
286
33
0
142
2
-1
3
233
16
0
287
6
-1
1
235
12
0
138
13
0
139
18
0
140
22
0
288
33
0
142
1
-1
1
266
3
-1
1
31
6
0
6
7
0
7
2
-1
1
47
7
0
7
1
-1
1
79
2
-1
1
55
7
0
7
1
-1
1
87
1
-1
1
103
2
-1
1
59
7
0
7
1
-1
1
91
1
-1
1
107
1
-1
1
115
2
-1
1
61
7
0
7
1
-1
1
93
1
-1
1
109
1
-1
1
117
1
-1
1
121
2
-1
1
62
7
0
7
1
-1
1
94
1
-1
1
110
1
-1
1
118
1
-1
1
122
1
-1
1
124
1
-1
1
173
1
-1
1
174
8
-1
3
259
18
0
115
20
0
116
33
0
117
34
0
118
35
0
119
36
0
120
37
0
121
4
-1
3
260
34
0
118
35
0
119
36
0
120
1
-1
1
164
1
-1
1
155
1
-1
1
250
1
-1
1
148
1
-1
1
146
1
-1
1
152
1
-1
1
141
1
-1
1
140
2
-1
3
269
16
0
302
2
-1
3
270
32
0
303
2
-1
3
271
33
0
304
1
-1
1
201
6
-1
3
273
10
0
306
12
0
138
13
0
139
19
0
307
33
0
308
1
-1
1
191
2
-1
1
197
14
0
312
1
-1
1
259
2
-1
3
277
33
0
314
8
-1
3
278
10
0
271
11
0
272
12
0
138
13
0
139
18
0
273
23
0
315
33
0
275
1
-1
1
218
1
-1
1
182
1
-1
1
258
1
-1
1
190
1
-1
1
224
4
-1
1
222
24
0
198
26
0
199
27
0
200
1
-1
1
225
1
-1
1
179
1
-1
1
177
2
-1
3
288
33
0
217
5
-1
1
236
12
0
138
13
0
139
18
0
140
33
0
142
2
-1
3
290
16
0
319
2
-1
1
232
28
0
320
5
-1
1
237
12
0
138
13
0
139
18
0
140
33
0
142
2
-1
1
63
7
0
7
1
-1
1
95
1
-1
1
111
1
-1
1
119
1
-1
1
123
1
-1
1
125
1
-1
1
126
2
-1
3
300
19
0
324
2
-1
3
301
19
0
325
1
-1
1
142
1
-1
1
227
2
-1
1
212
14
0
326
2
-1
3
305
20
0
328
2
-1
3
306
33
0
304
1
-1
1
195
2
-1
1
206
14
0
312
2
-1
3
309
19
0
331
2
-1
1
202
29
0
332
2
-1
3
311
33
0
335
2
-1
3
312
33
0
336
1
-1
1
199
2
-1
1
198
14
0
312
1
-1
1
192
1
-1
1
260
1
-1
1
226
5
-1
1
238
12
0
138
13
0
139
18
0
140
33
0
142
1
-1
1
231
6
-1
1
235
12
0
138
13
0
139
18
0
140
22
0
288
33
0
142
1
-1
1
267
2
-1
1
233
28
0
320
1
-1
1
127
1
-1
1
168
1
-1
1
169
2
-1
3
326
33
0
340
1
-1
1
213
8
-1
3
328
10
0
271
11
0
272
12
0
138
13
0
139
18
0
273
21
0
341
33
0
275
2
-1
3
329
20
0
344
1
-1
1
208
1
-1
1
196
5
-1
3
332
10
0
306
12
0
138
13
0
139
33
0
308
1
-1
1
261
2
-1
1
203
29
0
332
2
-1
1
207
14
0
312
1
-1
1
211
1
-1
1
200
1
-1
1
234
1
-1
1
268
1
-1
1
214
1
-1
1
193
2
-1
1
215
29
0
348
2
-1
3
343
21
0
351
8
-1
3
344
10
0
271
11
0
272
12
0
138
13
0
139
18
0
273
21
0
352
33
0
275
1
-1
1
210
1
-1
1
262
1
-1
1
209
7
-1
3
348
10
0
271
11
0
272
12
0
138
13
0
139
18
0
273
33
0
275
1
-1
1
263
2
-1
1
216
29
0
348
1
-1
1
194
1
-1
1
204
2
-1
3
353
21
0
356
1
-1
1
217
1
-1
1
264
1
-1
1
205
65
1
-1
8
1
-1
9
1
-1
17
2
-1
56
57
112
2
-1
10
9
33
2
-1
21
22
63
4
-1
11
9
34
10
39
33
75
2
-1
19
28
69
2
-1
59
60
114
8
-1
12
9
35
10
40
11
44
33
76
34
80
39
90
75
156
2
-1
25
27
67
1
-1
26
3
-1
132
134
208
206
208
2
-1
133
203
264
16
-1
13
9
36
10
41
11
45
12
48
33
77
34
81
35
84
39
91
40
94
44
100
75
157
76
160
80
166
90
176
156
236
2
-1
211
212
269
5
-1
122
65
135
116
193
136
212
210
266
2
-1
196
197
263
2
-1
123
195
262
2
-1
124
128
202
3
-1
125
115
191
259
300
3
-1
126
115
192
260
301
1
-1
127
5
-1
201
142
218
226
283
228
285
284
317
1
-1
259
32
-1
14
9
37
10
42
11
46
12
49
13
51
33
78
34
82
35
85
36
87
39
92
40
95
41
97
44
101
45
103
48
106
75
158
76
161
77
163
80
167
81
169
84
172
90
177
91
179
94
182
100
186
156
237
157
239
160
242
166
246
176
251
236
293
2
-1
30
31
73
1
-1
72
2
-1
143
152
233
2
-1
221
222
281
2
-1
144
220
280
4
-1
145
146
224
150
229
225
282
4
-1
342
216
276
278
316
348
354
1
-1
309
2
-1
310
332
345
2
-1
333
334
346
4
-1
313
308
330
314
337
335
347
2
-1
305
306
329
1
-1
327
2
-1
343
344
353
2
-1
349
350
355
3
-1
146
234
289
320
289
6
-1
147
150
230
225
230
232
230
292
230
318
230
1
-1
148
9
-1
149
148
227
216
277
273
311
278
277
328
277
332
311
344
277
348
277
64
-1
15
9
38
10
43
11
47
12
50
13
52
14
53
33
79
34
83
35
86
36
88
37
89
39
93
40
96
41
98
42
99
44
102
45
104
46
105
48
107
49
108
51
109
75
159
76
162
77
164
78
165
80
168
81
170
82
171
84
173
85
174
87
175
90
178
91
180
92
181
94
183
95
184
97
185
100
187
101
188
103
189
106
190
156
238
157
240
158
241
160
243
161
244
163
245
166
247
167
248
169
249
172
250
176
252
177
253
179
254
182
255
186
256
236
294
237
295
239
296
242
297
246
298
251
299
293
323
2
-1
154
155
235
1
-1
290
2
-1
321
322
339
2
-1
291
320
338
1
-1
57
1
-1
22
1
-1
60
1
-1
27
2
-1
134
133
206
1
-1
197
1
-1
128
1
-1
31
6
-1
150
146
225
151
232
234
292
289
318
320
292
1
-1
222
1
-1
278
1
-1
334
1
-1
350
1
-1
155
1
-1
322
68
expecting: 'Package', 'States', 'Helpers', 'Tokens', 'Ignored', 'Productions', 'Abstract', EOF
expecting: pkg id
expecting: id
expecting: '{', id
expecting: 'Tokens'
expecting: 'Syntax'
expecting: EOF
expecting: 'States', 'Helpers', 'Tokens', 'Ignored', 'Productions', 'Abstract', EOF
expecting: 'States', 'Tokens', 'Ignored', 'Productions', 'Abstract', EOF
expecting: 'Tokens', 'Ignored', 'Productions', 'Abstract', EOF
expecting: 'Ignored', 'Productions', 'Abstract', EOF
expecting: 'Productions', 'Abstract', EOF
expecting: 'Abstract', EOF
expecting: '.', ';'
expecting: ';', ','
expecting: ';'
expecting: '='
expecting: 'States', 'Tokens', 'Ignored', 'Productions', 'Abstract', id, EOF
expecting: 'Ignored', 'Productions', 'Abstract', '{', id, EOF
expecting: ';', id
expecting: '=', '{'
expecting: 'Abstract', id, EOF
expecting: 'Tree'
expecting: ';', '[', '(', '|', id, char, dec char, hex char, string
expecting: '}', ',', '->'
expecting: ';', '[', '(', '|', '/', id, char, dec char, hex char, string
expecting: 'T', 'P', ';', '[', '{', '|', id
expecting: '->'
expecting: '[', '(', id, char, dec char, hex char, string
expecting: '[', '(', ')', '|', id, char, dec char, hex char, string
expecting: ';', '[', ']', '(', ')', '+', '-', '?', '*', '|', '/', id, char, dec char, hex char, string
expecting: '..', ';', '[', ']', '(', ')', '+', '-', '?', '*', '|', '/', id, char, dec char, hex char, string
expecting: ';', ')', '|', '/'
expecting: ';', '[', '(', ')', '|', '/', id, char, dec char, hex char, string
expecting: ';', '[', '(', ')', '+', '?', '*', '|', '/', id, char, dec char, hex char, string
expecting: ';', '[', ']', '(', ')', '+', '?', '*', '|', '/', id, char, dec char, hex char, string
expecting: '}', ','
expecting: ';', '/'
expecting: '.'
expecting: '->', id
expecting: 'T', 'P', ';', '[', '{', '}', '+', '?', '*', '|', id
expecting: ';', '|'
expecting: 'T', 'P', ';', '[', '{', '}', '|', id
expecting: 'T', 'P', id
expecting: 'T', 'P', '[', '}', id
expecting: id, EOF
expecting: '+', '-'
expecting: '..', '+', '-'
expecting: ')'
expecting: 'T', 'P', ';', '[', '(', ')', '{', '}', '|', '/', id, char, dec char, hex char, string
expecting: ']'
expecting: 'New', 'Null', 'T', 'P', '[', '}', id
expecting: '}'
expecting: char, dec char, hex char
expecting: ':'
expecting: 'New', 'Null', 'T', 'P', '[', ')', '}', ',', id
expecting: 'New', 'T', 'P', ']', id
expecting: 'New', 'Null', 'T', 'P', '.', '[', ')', '}', ',', id
expecting: 'T', 'P', ';', '[', '|', id
expecting: '.', '('
expecting: '('
expecting: '.', ']', ','
expecting: ']', ','
expecting: 'New', 'Null', 'T', 'P', '[', ')', id
expecting: 'New', 'T', 'P', id
expecting: 'New', 'Null', 'T', 'P', '[', ']', ')', '}', ',', id
expecting: ')', ','
expecting: 'New', 'Null', 'T', 'P', '[', id
357
0
1
2
2
3
4
2
5
6
7
8
9
10
11
12
6
13
7
14
15
16
17
17
2
16
18
2
18
19
20
21
21
22
8
9
10
11
12
6
9
10
11
12
6
10
11
12
6
11
12
6
12
6
6
1
7
13
13
2
14
14
9
23
17
24
25
16
18
11
15
26
27
16
21
2
9
10
11
12
6
10
11
12
6
11
12
6
12
6
6
10
11
12
6
11
12
6
12
6
6
11
12
6
12
6
6
12
6
6
6
13
7
13
14
14
28
29
30
31
31
31
30
15
32
33
34
35
30
33
2
2
2
36
36
36
37
25
11
38
38
2
39
40
15
41
41
26
42
43
2
26
44
26
16
45
45
10
11
12
6
11
12
6
12
6
6
11
12
6
12
6
6
12
6
6
6
11
12
6
12
6
6
12
6
6
6
12
6
6
6
6
46
47
48
17
33
32
32
49
49
49
33
33
24
36
2
36
2
36
18
23
15
37
2
2
50
51
52
42
21
26
41
41
27
41
26
40
2
40
41
42
16
44
15
26
45
11
12
6
12
6
6
12
6
6
6
12
6
6
6
6
12
6
6
6
6
6
28
28
28
53
30
32
32
36
2
15
18
18
15
54
2
55
56
41
57
51
2
51
26
41
41
41
42
40
42
16
21
2
58
15
41
58
12
6
6
6
6
6
6
50
50
18
43
59
60
2
55
61
50
62
2
2
55
57
41
51
42
58
45
26
41
41
6
30
30
2
60
63
60
62
55
64
62
62
61
65
55
41
41
60
55
66
48
63
62
62
62
67
66
66
55
62
48
66
66
62
