2
121
32
9
9
1
10
10
2
13
13
3
32
32
4
39
39
5
40
40
6
41
41
7
42
42
8
43
43
9
44
44
10
45
45
11
46
46
12
47
47
13
48
48
14
49
57
15
58
58
16
59
59
17
61
61
18
63
63
19
65
65
20
72
72
21
73
73
22
78
78
23
80
80
24
83
83
25
84
84
26
91
91
27
93
93
28
97
122
29
123
123
30
124
124
31
125
125
32
1
9
32
-2
1
9
32
-2
3
9
9
1
10
10
33
13
32
-2
1
9
32
-2
5
0
9
34
11
12
34
14
38
34
39
39
35
40
65535
34
0
0
0
0
0
1
62
62
36
1
46
46
37
2
42
42
38
47
47
39
3
48
57
15
88
88
40
120
120
41
1
48
57
15
0
0
0
0
1
98
98
42
1
101
101
43
1
103
103
44
2
101
101
45
117
117
46
2
97
97
47
114
114
48
2
116
116
49
121
121
50
2
111
111
51
114
114
52
0
0
3
48
57
53
95
95
54
97
122
55
0
0
0
1
9
32
-2
5
0
9
56
11
12
56
14
38
56
39
39
57
40
65535
56
1
39
39
58
0
0
3
0
41
59
42
42
60
43
65535
59
5
0
9
61
10
10
62
11
12
61
13
13
63
14
65535
61
3
48
57
64
65
70
64
97
102
64
1
48
102
-42
1
115
115
65
1
108
108
66
1
110
110
67
1
119
119
68
1
108
108
69
1
99
99
70
1
111
111
71
1
97
97
72
1
110
110
73
1
107
107
74
1
101
101
75
1
48
122
-31
1
97
122
76
1
48
122
-31
3
0
38
-36
39
39
77
40
65535
56
0
0
1
0
65535
-40
5
0
41
78
42
42
60
43
46
78
47
47
79
48
65535
78
1
0
65535
-41
0
1
10
10
80
1
48
102
-42
1
116
116
81
1
112
112
82
1
111
111
83
0
1
108
108
84
1
107
107
85
1
100
100
86
1
116
116
87
1
116
116
88
1
101
101
89
1
101
101
90
3
48
57
91
95
95
54
97
122
92
0
3
0
41
93
42
42
94
43
65535
93
0
0
1
114
114
95
1
101
101
96
1
114
114
97
0
1
97
97
98
1
117
117
99
1
101
101
100
1
97
97
101
1
110
110
102
0
1
48
122
-78
1
48
122
-78
1
0
65535
-80
3
0
41
78
42
42
94
43
65535
-62
1
97
97
103
1
114
114
104
1
101
101
105
1
103
103
106
1
99
99
107
1
115
115
108
1
120
120
109
1
115
115
110
1
99
99
111
1
115
115
112
1
100
100
113
1
101
101
114
1
116
116
115
0
0
0
1
116
116
116
0
0
0
1
105
105
117
0
1
111
111
118
1
110
110
119
1
115
115
120
0
123
39
9
9
1
10
10
2
13
13
3
32
32
4
36
36
5
39
39
6
40
40
7
41
41
8
42
42
9
43
43
10
44
44
11
45
45
12
46
46
13
47
47
14
48
48
15
49
57
16
58
58
17
59
59
18
61
61
19
63
63
20
65
65
21
66
71
22
72
72
23
73
73
24
74
77
22
78
78
25
79
79
22
80
80
26
81
82
22
83
83
27
84
84
28
85
90
22
91
91
29
93
93
30
95
95
31
97
122
32
123
123
33
124
124
34
125
125
35
1
9
32
-2
1
9
32
-2
3
9
9
1
10
10
36
13
32
-2
1
9
32
-2
5
36
36
37
48
57
38
65
90
39
95
95
40
97
122
41
5
0
9
42
11
12
42
14
38
42
39
39
43
40
65535
42
0
0
0
0
0
1
62
62
44
1
46
46
45
2
42
42
46
47
47
47
3
48
57
16
88
88
48
120
120
49
1
48
57
16
0
0
0
0
4
36
95
-7
97
97
41
98
98
50
99
122
41
1
36
122
-7
4
36
95
-7
97
100
41
101
101
51
102
122
41
4
36
95
-7
97
102
41
103
103
52
104
122
41
5
36
100
-25
101
101
53
102
116
41
117
117
54
118
122
41
4
36
95
-7
97
113
41
114
114
55
115
122
41
6
36
95
-7
97
115
41
116
116
56
117
120
41
121
121
57
122
122
41
6
36
95
-7
97
110
41
111
111
58
112
113
41
114
114
59
115
122
41
0
0
1
36
122
-7
5
36
36
37
48
57
60
65
90
39
95
95
61
97
122
62
0
0
0
1
9
32
-2
1
36
122
-7
1
36
122
-7
1
36
122
-7
1
36
122
-7
1
36
122
-7
5
0
9
63
11
12
63
14
38
63
39
39
64
40
65535
63
1
39
39
65
0
0
3
0
41
66
42
42
67
43
65535
66
5
0
9
68
10
10
69
11
12
68
13
13
70
14
65535
68
3
48
57
71
65
70
71
97
102
71
1
48
102
-50
4
36
95
-7
97
114
41
115
115
72
116
122
41
4
36
95
-7
97
107
41
108
108
73
109
122
41
4
36
95
-7
97
109
41
110
110
74
111
122
41
4
36
95
-7
97
118
41
119
119
75
120
122
41
3
36
107
-53
108
108
76
109
122
41
3
36
110
-30
111
111
77
112
122
41
3
36
95
-7
97
97
78
98
122
41
3
36
109
-54
110
110
79
111
122
41
4
36
95
-7
97
106
41
107
107
80
108
122
41
3
36
100
-25
101
101
81
102
122
41
1
36
122
-34
2
36
95
-7
97
122
82
1
36
122
-34
3
0
38
-44
39
39
83
40
65535
63
0
0
1
0
65535
-48
5
0
41
84
42
42
67
43
46
84
47
47
85
48
65535
84
1
0
65535
-49
0
1
10
10
86
1
48
102
-50
3
36
115
-29
116
116
87
117
122
41
4
36
95
-7
97
111
41
112
112
88
113
122
41
3
36
110
-30
111
111
89
112
122
41
1
36
122
-7
3
36
107
-53
108
108
90
109
122
41
4
36
95
-7
97
99
41
100
100
91
101
122
41
3
36
115
-29
116
116
92
117
122
41
3
36
115
-29
116
116
93
117
122
41
3
36
100
-25
101
101
94
102
122
41
3
36
100
-25
101
101
95
102
122
41
4
36
36
37
48
57
96
65
95
-34
97
122
97
0
3
0
41
98
42
42
99
43
65535
98
0
0
3
36
113
-28
114
114
100
115
122
41
3
36
100
-25
101
101
101
102
122
41
3
36
113
-28
114
114
102
115
122
41
1
36
122
-7
4
36
95
-7
97
116
41
117
117
103
118
122
41
3
36
100
-25
101
101
104
102
122
41
3
36
95
-7
97
97
105
98
122
41
3
36
109
-54
110
110
106
111
122
41
1
36
122
-7
1
36
122
-84
1
36
122
-84
1
0
65535
-86
3
0
41
84
42
42
99
43
65535
-69
3
36
95
-7
97
97
107
98
122
41
3
36
113
-28
114
114
108
115
122
41
3
36
100
-25
101
101
109
102
122
41
4
36
95
-7
97
98
41
99
99
110
100
122
41
3
36
114
-52
115
115
111
116
122
41
4
36
95
-7
97
119
41
120
120
112
121
122
41
3
36
114
-52
115
115
113
116
122
41
3
36
98
-105
99
99
114
100
122
41
3
36
114
-52
115
115
115
116
122
41
3
36
99
-79
100
100
116
101
122
41
3
36
115
-29
116
116
117
117
122
41
1
36
122
-7
1
36
122
-7
1
36
122
-7
3
36
115
-29
116
116
118
117
122
41
1
36
122
-7
1
36
122
-7
4
36
95
-7
97
104
41
105
105
119
106
122
41
1
36
122
-7
3
36
110
-30
111
111
120
112
122
41
3
36
109
-54
110
110
121
111
122
41
3
36
114
-52
115
115
122
116
122
41
1
36
122
-7
2
121
-1
38
38
38
38
-1
20
21
27
24
29
25
14
30
35
35
32
16
17
26
-1
-1
-1
-1
13
-1
12
18
19
33
22
28
23
38
-1
-1
31
15
-1
-1
-1
-1
-1
-1
-1
-1
-1
-1
-1
-1
-1
-1
-1
33
-1
33
-1
34
34
-1
-1
-1
39
39
36
-1
-1
-1
10
-1
-1
-1
-1
-1
-1
-1
33
37
-1
39
39
-1
-1
-1
11
-1
-1
-1
-1
-1
9
33
33
-1
-1
-1
-1
-1
-1
-1
-1
-1
-1
-1
-1
-1
-1
-1
2
8
4
-1
3
5
1
-1
7
-1
-1
-1
6
123
-1
38
38
38
38
0
-1
20
21
27
24
29
25
14
30
35
35
32
16
17
26
0
0
0
0
0
0
0
0
18
19
0
0
22
28
23
38
0
0
0
0
0
-1
-1
31
15
-1
-1
-1
-1
0
0
0
0
0
0
0
0
0
0
0
0
0
-1
34
34
-1
-1
-1
39
39
36
0
0
0
0
0
0
0
0
0
0
0
37
-1
39
39
0
0
0
0
0
0
0
0
0
0
0
-1
-1
0
0
0
0
0
0
0
0
0
0
0
0
0
0
0
0
0
0
0
0
0
0
0
