4
55
7
0
35
1
36
36
2
37
63
1
64
64
3
65
90
1
91
91
4
92
65535
1
7
0
35
1
36
36
5
37
63
1
64
64
6
65
90
1
91
91
7
92
65535
1
6
36
36
8
65
90
9
95
95
10
97
122
11
123
123
12
127
255
13
6
64
64
14
65
90
15
95
95
16
97
122
17
123
123
18
127
255
19
7
0
35
20
37
44
20
45
45
21
46
63
20
65
90
20
91
91
22
92
65535
20
1
36
36
8
1
64
64
14
3
0
44
-6
45
45
23
46
65535
-6
1
0
65535
-3
5
48
57
24
65
90
25
95
95
26
97
122
27
127
255
28
1
48
255
-11
1
48
255
-11
0
1
48
255
-11
1
0
65535
-3
5
48
57
29
65
90
30
95
95
31
97
122
32
127
255
33
1
48
255
-17
1
48
255
-17
4
65
90
34
95
95
35
97
122
36
127
255
37
1
48
255
-17
1
0
65535
-3
2
33
33
38
45
45
39
9
0
35
40
36
36
5
37
44
40
45
45
41
46
63
40
64
64
6
65
90
40
91
91
22
92
65535
40
1
45
45
39
1
48
255
-11
1
48
255
-11
1
48
255
-11
1
48
255
-11
1
48
255
-11
1
48
255
-17
1
48
255
-17
1
48
255
-17
1
48
255
-17
1
48
255
-17
6
48
57
42
65
90
43
95
95
44
97
122
45
125
125
46
127
255
47
1
48
255
-36
1
48
255
-36
1
48
255
-36
3
0
32
48
33
33
49
34
65535
48
1
0
65535
-3
1
0
65535
-3
5
0
36
-3
37
44
1
45
45
50
46
63
1
64
65535
-3
1
48
255
-36
1
48
255
-36
1
48
255
-36
1
48
255
-36
0
1
48
255
-36
1
0
65535
-40
3
0
44
51
45
45
52
46
65535
51
1
0
65535
-3
1
0
65535
-40
3
0
92
53
93
93
54
94
65535
53
1
0
65535
-40
0
235
52
9
9
1
10
10
2
13
13
3
32
32
4
34
34
5
36
36
6
39
39
7
40
40
8
41
41
9
43
43
10
44
44
11
45
45
12
47
47
13
61
61
14
64
64
15
65
66
16
67
67
17
68
68
16
69
69
18
70
70
19
71
72
16
73
73
20
74
78
16
79
79
21
80
80
22
81
81
16
82
82
23
83
83
24
84
84
25
85
86
16
87
87
26
88
90
16
95
95
27
97
98
28
99
99
29
100
100
28
101
101
30
102
102
31
103
104
28
105
105
32
106
110
28
111
111
33
112
112
34
113
113
28
114
114
35
115
115
36
116
116
37
117
118
28
119
119
38
120
122
28
123
123
39
127
255
40
1
9
32
-2
1
9
32
-2
3
9
9
1
10
10
41
13
32
-2
1
9
32
-2
3
0
33
42
34
34
43
35
65535
42
4
65
90
44
95
95
45
97
122
46
127
255
47
3
0
38
48
39
39
49
40
65535
48
0
0
0
0
1
93
93
50
1
47
47
51
0
5
65
90
52
95
95
53
97
122
54
123
123
55
127
255
56
5
48
57
57
65
90
58
95
95
59
97
122
60
127
255
61
11
48
57
57
65
65
62
66
71
58
72
72
63
73
90
58
95
95
59
97
97
64
98
103
60
104
104
65
105
122
60
127
255
61
13
48
57
57
65
75
58
76
76
66
77
77
58
78
78
67
79
90
58
95
95
59
97
107
60
108
108
68
109
109
60
110
110
69
111
122
60
127
255
61
9
48
57
57
65
78
58
79
79
70
80
90
58
95
95
59
97
110
60
111
111
71
112
122
60
127
255
61
11
48
57
57
65
69
58
70
70
72
71
77
58
78
78
73
79
95
-20
97
101
60
102
102
74
103
109
60
110
110
75
111
255
-20
11
48
57
57
65
83
58
84
84
76
85
85
77
86
90
58
95
95
59
97
115
60
116
116
78
117
117
79
118
122
60
127
255
61
11
48
57
57
65
65
80
66
81
58
82
82
81
83
90
58
95
95
59
97
97
82
98
113
60
114
114
83
115
122
60
127
255
61
9
48
57
57
65
68
58
69
69
84
70
90
58
95
95
59
97
100
60
101
101
85
102
122
60
127
255
61
5
48
68
-25
69
69
86
70
100
-25
101
101
87
102
255
-25
5
48
68
-25
69
69
88
70
100
-25
101
101
89
102
255
-25
7
48
57
57
65
71
58
72
72
90
73
95
-19
97
103
60
104
104
91
105
255
-19
1
48
255
-18
1
48
255
-18
1
48
255
-19
1
48
255
-20
1
48
255
-21
1
48
255
-22
1
48
255
-23
1
48
255
-24
1
48
255
-25
1
48
255
-26
1
48
255
-27
1
48
255
-28
0
1
48
255
-18
1
9
32
-2
1
0
65535
-7
1
34
34
92
5
48
57
93
65
90
94
95
95
95
97
122
96
127
255
97
1
48
255
-46
1
48
255
-46
1
48
255
-46
1
0
65535
-9
1
39
39
98
0
5
0
9
99
10
10
100
11
12
99
13
13
101
14
65535
99
5
48
57
102
65
90
103
95
95
104
97
122
105
127
255
106
1
48
255
-54
1
48
255
-54
4
65
90
107
95
95
108
97
122
109
127
255
110
1
48
255
-54
1
48
255
-18
1
48
255
-18
1
48
255
-18
1
48
255
-18
1
48
255
-18
7
48
75
-20
76
76
111
77
90
58
95
107
-20
108
108
112
109
122
60
127
255
61
5
48
78
-21
79
79
113
80
110
-21
111
111
114
112
255
-21
1
48
255
-64
1
48
255
-65
9
48
57
57
65
82
58
83
83
115
84
90
58
95
95
59
97
114
60
115
115
116
116
122
60
127
255
61
9
48
57
57
65
67
58
68
68
117
69
90
58
95
95
59
97
99
60
100
100
118
101
122
60
127
255
61
1
48
255
-68
1
48
255
-69
7
48
57
57
65
81
58
82
82
119
83
95
-24
97
113
60
114
114
120
115
255
-24
1
48
255
-72
1
48
255
-18
9
48
57
57
65
66
58
67
67
121
68
90
58
95
95
59
97
98
60
99
99
122
100
122
60
127
255
61
1
48
255
-18
1
48
255
-75
5
48
71
-28
72
72
123
73
103
-28
104
104
124
105
255
-19
7
48
83
-23
84
84
125
85
90
58
95
115
-23
116
116
126
117
122
60
127
255
61
1
48
255
-78
1
48
255
-79
5
48
81
-72
82
82
127
83
113
-72
114
114
128
115
255
-24
9
48
57
57
65
72
58
73
73
129
74
90
58
95
95
59
97
104
60
105
105
130
106
122
60
127
255
61
1
48
255
-82
1
48
255
-83
9
48
57
57
65
85
58
86
86
131
87
90
58
95
95
59
97
117
60
118
118
132
119
122
60
127
255
61
1
48
255
-86
11
48
57
57
65
79
58
80
80
133
81
83
58
84
84
134
85
95
-79
97
111
60
112
112
135
113
115
60
116
116
136
117
255
-79
1
48
255
-88
9
48
57
57
65
76
58
77
77
137
78
90
58
95
95
59
97
108
60
109
109
138
110
122
60
127
255
61
1
48
255
-90
5
48
68
-25
69
69
139
70
100
-25
101
101
140
102
255
-25
1
48
255
-92
1
0
65535
-7
1
48
255
-46
1
48
255
-46
1
48
255
-46
1
48
255
-46
1
48
255
-46
1
0
65535
-9
1
0
65535
-53
0
1
10
10
141
1
48
255
-54
1
48
255
-54
1
48
255
-54
1
48
255
-54
1
48
255
-54
6
48
57
142
65
90
143
95
95
144
97
122
145
125
125
146
127
255
147
1
48
255
-109
1
48
255
-109
1
48
255
-109
5
48
75
-20
76
76
148
77
107
-64
108
108
149
109
255
-64
1
48
255
-113
5
48
78
-21
79
79
150
80
110
-21
111
111
151
112
255
-21
1
48
255
-115
5
48
68
-25
69
69
152
70
100
-25
101
101
153
102
255
-25
1
48
255
-117
1
48
255
-18
1
48
255
-18
5
48
68
-25
69
69
154
70
100
-25
101
101
155
102
255
-25
1
48
255
-121
5
48
75
-20
76
76
156
77
107
-64
108
108
157
109
255
-64
1
48
255
-123
5
48
68
-25
69
69
158
70
100
-25
101
101
159
102
255
-25
1
48
255
-125
7
48
79
-88
80
80
160
81
90
58
95
111
-88
112
112
161
113
122
60
127
255
61
1
48
255
-127
7
48
57
57
65
65
162
66
90
58
95
95
59
97
97
163
98
122
60
127
255
61
1
48
255
-129
7
48
57
57
65
77
58
78
78
164
79
95
-20
97
109
60
110
110
165
111
255
-20
1
48
255
-131
5
48
68
-25
69
69
166
70
100
-25
101
101
167
102
255
-25
1
48
255
-133
1
48
255
-18
1
48
255
-18
1
48
255
-18
1
48
255
-18
5
48
79
-88
80
80
168
81
111
-127
112
112
169
113
255
-127
1
48
255
-139
5
48
77
-131
78
78
170
79
109
-131
110
110
171
111
255
-20
1
48
255
-141
0
1
48
255
-109
1
48
255
-109
1
48
255
-109
1
48
255
-109
0
1
48
255
-109
1
48
255
-18
1
48
255
-18
5
48
82
-68
83
83
172
84
114
-68
115
115
173
116
255
-68
1
48
255
-152
1
48
255
-18
1
48
255
-18
5
48
57
57
65
65
174
66
95
-129
97
97
175
98
255
-129
1
48
255
-156
7
48
57
57
65
84
58
85
85
176
86
95
-23
97
116
60
117
117
177
118
255
-23
1
48
255
-158
5
48
81
-72
82
82
178
83
113
-72
114
114
179
115
255
-24
1
48
255
-160
5
48
84
-158
85
85
180
86
116
-158
117
117
181
118
255
-23
1
48
255
-162
5
48
76
-90
77
77
182
78
108
-90
109
109
183
110
255
-90
1
48
255
-164
5
48
83
-23
84
84
184
85
115
-79
116
116
185
117
255
-79
1
48
255
-166
5
48
81
-72
82
82
186
83
113
-72
114
114
187
115
255
-24
1
48
255
-168
5
48
75
-20
76
76
188
77
107
-64
108
108
189
109
255
-64
1
48
255
-170
1
48
255
-18
1
48
255
-18
5
48
68
-25
69
69
190
70
100
-25
101
101
191
102
255
-25
1
48
255
-174
5
48
66
-75
67
67
192
68
98
-75
99
99
193
100
255
-75
1
48
255
-176
5
48
67
-69
68
68
194
69
99
-69
100
100
195
101
255
-69
1
48
255
-178
9
48
57
57
65
86
58
87
87
196
88
90
58
95
95
59
97
118
60
119
119
197
120
122
60
127
255
61
1
48
255
-180
5
48
83
-23
84
84
198
85
115
-79
116
116
199
117
255
-79
1
48
255
-182
1
48
255
-18
1
48
255
-18
1
48
255
-18
1
48
255
-18
5
48
82
-68
83
83
200
84
114
-68
115
115
201
116
255
-68
1
48
255
-188
5
48
57
57
65
65
202
66
95
-129
97
97
203
98
255
-129
1
48
255
-190
1
48
255
-18
1
48
255
-18
5
48
71
-28
72
72
204
73
103
-28
104
104
205
105
255
-19
1
48
255
-194
5
48
68
-25
69
69
206
70
100
-25
101
101
207
102
255
-25
1
48
255
-196
5
48
72
-83
73
73
208
74
104
-83
105
105
209
106
255
-83
1
48
255
-198
1
48
255
-18
1
48
255
-18
5
48
68
-25
69
69
210
70
100
-25
101
101
211
102
255
-25
1
48
255
-202
5
48
83
-23
84
84
212
85
115
-79
116
116
213
117
255
-79
1
48
255
-204
1
48
255
-18
1
48
255
-18
1
48
255
-18
1
48
255
-18
5
48
82
-68
83
83
214
84
114
-68
115
115
215
116
255
-68
1
48
255
-210
3
48
90
-18
95
95
216
97
255
-18
1
48
255
-212
5
48
68
-25
69
69
217
70
100
-25
101
101
218
102
255
-25
1
48
255
-214
5
48
68
-25
69
69
219
70
100
-25
101
101
220
102
255
-25
1
48
255
-216
7
48
69
-22
70
70
221
71
90
58
95
101
-22
102
102
222
103
122
60
127
255
61
1
48
255
-18
1
48
255
-18
1
48
255
-18
1
48
255
-18
5
48
78
-21
79
79
223
80
110
-21
111
111
224
112
255
-21
1
48
255
-223
5
48
81
-72
82
82
225
83
113
-72
114
114
226
115
255
-24
1
48
255
-225
5
48
68
-25
69
69
227
70
100
-25
101
101
228
102
255
-25
1
48
255
-227
5
48
57
57
65
65
229
66
95
-129
97
97
230
98
255
-129
1
48
255
-229
5
48
66
-75
67
67
231
68
98
-75
99
99
232
100
255
-75
1
48
255
-231
5
48
71
-28
72
72
233
73
103
-28
104
104
234
105
255
-19
1
48
255
-233
1
48
255
-18
1
48
255
-18
85
35
9
9
1
10
10
2
13
13
3
32
32
4
33
33
5
34
34
6
36
36
7
39
39
8
40
40
9
41
41
10
42
42
11
43
43
12
44
44
13
45
45
14
46
46
15
47
47
16
48
57
17
60
60
18
61
61
19
62
62
20
64
64
21
65
90
22
91
91
23
93
93
24
95
95
25
97
97
26
98
99
27
100
100
28
101
108
27
109
109
29
110
110
27
111
111
30
112
122
27
125
125
31
127
255
32
1
9
32
-2
1
9
32
-2
3
9
9
1
10
10
33
13
32
-2
1
9
32
-2
1
61
61
34
3
0
33
35
34
34
36
35
65535
35
4
65
90
37
95
95
38
97
122
39
127
255
40
3
0
38
41
39
39
42
40
65535
41
0
0
0
0
0
0
1
46
46
43
1
47
47
44
1
48
57
17
1
61
61
45
0
1
61
61
46
4
65
90
47
95
95
48
97
122
49
127
255
50
6
48
57
51
58
58
52
65
90
53
95
95
54
97
122
55
127
255
56
0
0
1
48
255
-24
5
48
95
-24
97
109
55
110
110
57
111
122
55
127
255
56
1
48
255
-24
5
48
95
-24
97
104
55
105
105
58
106
122
55
127
255
56
5
48
95
-24
97
110
55
111
111
59
112
122
55
127
255
56
5
48
95
-24
97
113
55
114
114
60
115
122
55
127
255
56
0
1
48
255
-24
1
9
32
-2
0
1
0
65535
-8
1
34
34
61
5
48
57
62
65
90
63
95
95
64
97
122
65
127
255
66
1
48
255
-39
1
48
255
-39
1
48
255
-39
1
0
65535
-10
1
39
39
67
0
0
0
0
5
48
57
68
65
90
69
95
95
70
97
122
71
127
255
72
1
48
255
-49
1
48
255
-49
1
48
255
-49
1
48
255
-24
4
65
90
73
95
95
74
97
122
75
127
255
76
1
48
255
-24
1
48
255
-24
1
48
255
-24
1
48
255
-24
5
48
95
-24
97
99
55
100
100
77
101
122
55
127
255
56
5
48
95
-24
97
117
55
118
118
78
119
122
55
127
255
56
3
48
99
-59
100
100
79
101
255
-59
1
48
255
-24
1
0
65535
-8
1
48
255
-39
1
48
255
-39
1
48
255
-39
1
48
255
-39
1
48
255
-39
1
0
65535
-10
1
48
255
-49
1
48
255
-49
1
48
255
-49
1
48
255
-49
1
48
255
-49
5
48
57
80
65
90
81
95
95
82
97
122
83
127
255
84
1
48
255
-75
1
48
255
-75
1
48
255
-75
1
48
255
-24
1
48
255
-24
1
48
255
-24
1
48
255
-75
1
48
255
-75
1
48
255
-75
1
48
255
-75
1
48
255
-75
85
35
9
9
1
10
10
2
13
13
3
32
32
4
33
33
5
34
34
6
36
36
7
39
39
8
40
40
9
41
41
10
42
42
11
43
43
12
44
44
13
45
45
14
46
46
15
47
47
16
48
57
17
60
60
18
61
61
19
62
62
20
64
64
21
65
90
22
91
91
23
93
93
24
95
95
25
97
97
26
98
99
27
100
100
28
101
108
27
109
109
29
110
110
27
111
111
30
112
122
27
125
125
31
127
255
32
1
9
32
-2
1
9
32
-2
3
9
9
1
10
10
33
13
32
-2
1
9
32
-2
1
61
61
34
3
0
33
35
34
34
36
35
65535
35
4
65
90
37
95
95
38
97
122
39
127
255
40
3
0
38
41
39
39
42
40
65535
41
0
0
0
0
0
0
1
46
46
43
1
47
47
44
1
48
57
17
1
61
61
45
0
1
61
61
46
4
65
90
47
95
95
48
97
122
49
127
255
50
6
48
57
51
58
58
52
65
90
53
95
95
54
97
122
55
127
255
56
0
0
1
48
255
-24
5
48
95
-24
97
109
55
110
110
57
111
122
55
127
255
56
1
48
255
-24
5
48
95
-24
97
104
55
105
105
58
106
122
55
127
255
56
5
48
95
-24
97
110
55
111
111
59
112
122
55
127
255
56
5
48
95
-24
97
113
55
114
114
60
115
122
55
127
255
56
0
1
48
255
-24
1
9
32
-2
0
1
0
65535
-8
1
34
34
61
5
48
57
62
65
90
63
95
95
64
97
122
65
127
255
66
1
48
255
-39
1
48
255
-39
1
48
255
-39
1
0
65535
-10
1
39
39
67
0
0
0
0
5
48
57
68
65
90
69
95
95
70
97
122
71
127
255
72
1
48
255
-49
1
48
255
-49
1
48
255
-49
1
48
255
-24
4
65
90
73
95
95
74
97
122
75
127
255
76
1
48
255
-24
1
48
255
-24
1
48
255
-24
1
48
255
-24
5
48
95
-24
97
99
55
100
100
77
101
122
55
127
255
56
5
48
95
-24
97
117
55
118
118
78
119
122
55
127
255
56
3
48
99
-59
100
100
79
101
255
-59
1
48
255
-24
1
0
65535
-8
1
48
255
-39
1
48
255
-39
1
48
255
-39
1
48
255
-39
1
48
255
-39
1
0
65535
-10
1
48
255
-49
1
48
255
-49
1
48
255
-49
1
48
255
-49
1
48
255
-49
5
48
57
80
65
90
81
95
95
82
97
122
83
127
255
84
1
48
255
-75
1
48
255
-75
1
48
255
-75
1
48
255
-24
1
48
255
-24
1
48
255
-24
1
48
255
-75
1
48
255
-75
1
48
255
-75
1
48
255
-75
1
48
255
-75
4
55
-1
25
-1
-1
25
-1
-1
-1
25
28
28
28
26
28
25
27
27
27
-1
27
25
1
25
-1
28
28
28
28
28
27
27
27
27
27
-1
-1
-1
-1
-1
25
25
25
-1
-1
-1
-1
27
-1
-1
-1
25
-1
-1
-1
0
235
-1
29
29
29
29
-1
-1
-1
21
22
24
23
-1
-1
20
-1
30
30
30
30
30
30
30
30
30
30
30
30
30
30
30
30
30
30
30
30
30
30
30
31
30
29
-1
32
28
28
28
28
-1
32
2
-1
27
27
27
-1
27
30
30
30
30
30
30
30
30
30
30
30
30
30
30
30
5
11
5
11
30
30
30
30
30
30
30
30
30
30
30
30
30
30
30
30
-1
28
28
28
28
28
-1
-1
33
33
27
27
27
27
27
-1
-1
-1
-1
30
30
30
30
30
30
9
9
30
30
30
30
30
30
30
30
30
30
30
30
30
30
18
13
18
13
30
30
30
30
33
-1
-1
-1
-1
27
-1
17
17
30
30
6
6
30
30
30
30
30
30
30
30
30
30
30
30
30
30
30
30
8
8
30
30
30
30
30
30
30
30
30
30
14
14
19
19
30
30
30
30
7
7
30
30
30
30
30
30
15
15
30
30
30
30
3
3
10
10
30
30
30
30
30
30
30
30
30
16
16
12
12
30
30
30
30
30
30
30
30
30
30
30
30
4
4
85
-1
29
29
29
29
-1
-1
-1
-1
47
48
51
52
58
53
42
41
60
54
49
56
-1
38
45
46
38
38
38
38
38
38
61
38
29
50
-1
59
39
39
39
39
-1
59
43
40
55
57
44
44
44
44
38
-1
38
38
38
38
38
38
38
34
-1
39
39
39
39
39
-1
44
44
44
44
44
38
38
38
38
35
37
36
38
38
38
38
38
85
-1
29
29
29
29
-1
-1
-1
-1
47
48
51
52
58
53
42
41
60
54
49
56
-1
38
45
46
38
38
38
38
38
38
61
38
29
50
-1
59
39
39
39
39
-1
59
43
40
55
57
44
44
44
44
38
-1
38
38
38
38
38
38
38
34
-1
39
39
39
39
39
-1
44
44
44
44
44
38
38
38
38
35
37
36
38
38
38
38
38
